1710682.3991734206 [ 1.43679470e-13  1.24031745e-01 -6.21194106e+00  4.93390314e-02
  3.81084816e-02  8.13236611e-05 -6.01876916e-05 -1.25158462e-07
  3.48409670e-08  4.13821657e-11 -6.68284789e-12]
1732102.782484353 [ 8.17426698e-14  1.24031745e-01 -6.21194106e+00  4.93390314e-02
  3.81084816e-02  8.13236611e-05 -6.01876916e-05 -1.25158398e-07
  3.48409401e-08  4.14010927e-11 -6.68284789e-12]
1789129.1034322057 [ 1.66686878e-13  1.24031745e-01 -6.21194106e+00  4.93390314e-02
  3.81084816e-02  8.13236610e-05 -6.01876917e-05 -1.25158453e-07
  3.48410334e-08  4.14383492e-11 -6.69226873e-12]
1821673.1497595818 [ 1.01731137e-13  1.24031745e-01 -6.21194106e+00  4.93390314e-02
  3.81084816e-02  8.13236612e-05 -6.01876916e-05 -1.25158341e-07
  3.48409332e-08  4.14043187e-11 -6.69768810e-12]
1856997.6730248225 [ 8.17426698e-14  1.24031745e-01 -6.21194106e+00  4.93390314e-02
  3.81084816e-02  8.13236609e-05 -6.01876916e-05 -1.25158376e-07
  3.48408512e-08  4.14878016e-11 -6.69316138e-12]
1860685.528939147 [ 1.18960092e-14  1.24031745e-01 -6.21194106e+00  4.93390314e-02
  3.81084816e-02  8.13236610e-05 -6.01876916e-05 -1.25158460e-07
  3.48409057e-08  4.14634213e-11 -6.69582243e-12]
1870219.1088498048 [ 7.63178771e-14  1.24031745e-01 -6.21194106e+00  4.93390314e-02
  3.81084816e-02  8.13236609e-05 -6.01876917e-05 -1.25158438e-07
  3.48409272e-08  4.14545868e-11 -6.67604526e-12]
1889116.9929369912 [ 1.29346441e-13  1.24031745e-01 -6.21194106e+00  4.93390314e-02
  3.81084816e-02  8.13236611e-05 -6.01876917e-05 -1.25158370e-07
  3.48410127e-08  4.14924328e-11 -6.67782581e-12]
1914088.222429701 [ 1.98773011e-14  1.24031745e-01 -6.21194106e+00  4.93390314e-02
  3.81084816e-02  8.13236609e-05 -6.01876916e-05 -1.25158386e-07
  3.48408451e-08  4.15620951e-11 -6.68662380e-12]
1918847.6291303213 [-4.24684133e-14  1.24031745e-01 -6.21194106e+00  4.93390314e-02
  3.81084816e-02  8.13236610e-05 -6.01876916e-05 -1.25158453e-07
  3.48409670e-08  4.14949897e-11 -6.67604526e-12]
